3333333 13 113 1                                                                                13 113 1 3333333333333333333333333333333333333333333333333333333
3333333 13111311                                                                                13111311 3333333333333333333333333333333333333333333333333333333
3333333 33333333                                                                                33333333 3333333333333333333333333333333333333333333333333333333
3333333  113 113                                                                                 113 113 3333333333333333333333333333333333333333333333333333333
3333333 11131113                                                                                11131113 3333333333333333333333333333333333333333333333333333333
3333333 33333333                                                                                33333333 33333                                            333333
3333333 13 113 1                                                                                13 113 1 3333  222222222222222222222222222222222222222222  33333
3333333 13111311                                                                                13111311 3333 22                                        22 33333
3333333 33333333                                                                                33333333 3333 2                                          2 33333
3333333  113 113                                                                                 113 113 3333 2   3333    3333    3333   33333   333333  2 33333
3333333 11131113                                                                                11131113 3333 2  33      33  33  33  33  33  33  33      2 33333
3333333 33333333                                                                                33333333 3333 2   3333   33      33  33  33  33  33333   2 33333
3333333 13 113 1                                                                                13 113 1 3333 2     333  33      33  33  33333   33      2 33333
3333333 13111311                                                                                13111311      2  3  333  33  33  33  33  33 3    33      2      
3333333 33333333                                                                                33333333 2222 2   3333    3333    3333   33  33  333333  2 22222
3333333  113 113                                                                                 113 113 2222 2                                          2 22222
3333333 11131113                                                                                11131113 2222 22                                        22 22222
3333333 33333333                                                                                33333333 2222  222222222222222222222222222222222222222222  22222
3333333 13 113 1                                                                                13 113 1 22222                                            222222
3333333 13111311                                                                                13111311 2222222222222222222222222222222222222222222222222222222
3333333 33333333                                                                                33333333 2222222222222222222222222222222222222222222222222222222
3333333  113 113                                                                                 113 113                                                        
3333333 11131113                                                                                11131113 2222222222222222222222222222222222222222222222222222222
3333333 33333333                                                                                33333333                                                        
3333333 13 113 1                                                                                13 113 1                                                        
3333333 13111311                                                                                13111311                                          3333          
3333333 33333333                                                                                33333333                                         33  33         
3333333  113 113                                                                                 113 113                                         33  33         
3333333 11131113                                                                                11131113                                         33  33         
3333333 33333333                                                                                33333333                                         33  33         
3333333 13 113 1                                                                                13 113 1                                          3333          
3333333 13111311                                                                                13111311                                                        
3333333 33333333                                                                                33333333                                                        
3333333  113 113                                                                                 113 113 2222222222222222222222222222222222222222222222222222222
3333333 11131113                                                                                11131113                                                        
3333333 33333333                                                                                33333333 3333333333333333333333333333333333333333333333333333333
3333333 13 113 1                                                                                13 113 1 3333333333333333333333333333333333333333333333333333333
3333333 13111311                                                                                13111311 3333333333333333333333333333333333333333333333333333333
3333333 33333333                                                                                33333333 3333333333333333333333333333333333333333333333333333333
3333333  113 113                                                                                 113 113 3333333333333333333333333333333333333333333333333333333
3333333 11131113                                                                                11131113 3333333333333333333333333333333333333333333333333333333
3333333 33333333                                                                                33333333 3333333333333333333333333333333333333333333333333333333
3333333 13 113 1                                                                                13 113 1 3333333333333333333333333333333333333333333333333333333
3333333 13111311                                                                                13111311 3333333333333333333333333333333333333333333333333333333
3333333 33333333                                                                                33333333 3333333333333333333333333333333333333333333333333333333
3333333  113 113                                                                                 113 113 33333                                            333333
3333333 11131113                                                                                11131113 3333  222222222222222222222222222222222222222222  33333
3333333 33333333                                                                                33333333 3333 22                                        22 33333
3333333 13 113 1                                                                                13 113 1 3333 2                                          2 33333
3333333 13111311                                                                                13111311 3333 2  33      333333  3   33  333333  33      2 33333
3333333 33333333                                                                                33333333 3333 2  33      33      3   33  33      33      2 33333
3333333  113 113                                                                                 113 113 3333 2  33      33333   3   33  33333   33      2 33333
3333333 11131113                                                                                11131113 3333 2  33      33      3   33  33      33      2 33333
3333333 33333333                                                                                33333333 3333 2  33      33       3 33   33      33      2 33333
3333333 13 113 1                                                                                13 113 1 3333 2  333333  333333    33    333333  333333  2 33333
3333333 13111311                                                                                13111311 3333 2                                          2 33333
3333333 33333333                333333333333333333333333                                        33333333 3333 2                                          2 33333
3333333  113 113                311111133111111331111113                                         113 113 3333 2                           3333           2 33333
3333333 11131113                31    1331    1331    13                                        11131113 3333 2                          3  333          2 33333
3333333 33333333                31 1131331 1131331 11313                                        33333333 3333 2                          3  333          2 33333
3333333 13 113 1                31 1131331 1131331 11313                                        13 113 1 3333 2                           33333          2 33333
3333333 13111311                313333133133331331333313                                        13111311 3333 2                             333          2 33333
3333333 33333333                311111133111111331111113                                        33333333 3333 2                           3333           2 33333
3333333  113 113                333333333333333333333333                                         113 113 3333 2                                          2 33333
3333333 11131113                        33333333                                                11131113 3333 22                                        22 33333
3333333 33333333                        31111113                                                33333333 3333  222222222222222222222222222222222222222222  33333
3333333 13 113 1                        31    13                                                13 113 1 33333                                            333333
3333333 13111311                        31 11313                                                13111311 3333333333333333333333333333333333333333333333333333333
3333333 33333333                        31 11313                                                33333333 3333333333333333333333333333333333333333333333333333333
3333333  113 113                        31333313                                                 113 113 33333                                            333333
3333333 11131113                        31111113                                                11131113 3333  222222222222222222222222222222222222222222  33333
3333333 33333333                        33333333                                                33333333 3333 22                                        22 33333
3333333 13 113 1                                                                                13 113 1 3333 2                                          2 33333
3333333 13111311                                                                                13111311 3333 2  33       3333   3   33  333333   3333   2 33333
3333333 33333333                                                                                33333333 3333 2  33        33    33  33  33      33      2 33333
3333333  113 113                                                                                 113 113 3333 2  33        33    333 33  33333    3333   2 33333
3333333 11131113                                                                                11131113 3333 2  33        33    3 3333  33         333  2 33333
3333333 33333333                                                                                33333333 3333 2  33        33    3  333  33      3  333  2 33333
3333333 13 113 1                                                                                13 113 1 3333 2  333333   3333   3   33  333333   3333   2 33333
3333333 13111311                                                                                13111311 3333 2                                          2 33333
3333333 33333333                                                                                33333333 3333 2                                          2 33333
3333333  113 113                                                                                 113 113 3333 2                           3333           2 33333
3333333 11131113                                                                                11131113 3333 2                          33  33          2 33333
3333333 33333333                                                                                33333333 3333 2                          33  33          2 33333
3333333 13 113 1                                                                                13 113 1 3333 2                          33  33          2 33333
3333333 13111311                                                                                13111311 3333 2                          33  33          2 33333
3333333 33333333                                                                                33333333 3333 2                           3333           2 33333
3333333  113 113                                                                                 113 113 3333 2                                          2 33333
3333333 11131113                                                                                11131113 3333 22                                        22 33333
3333333 33333333                                                                                33333333 3333  222222222222222222222222222222222222222222  33333
3333333 13 113 1                                                                                13 113 1 33333                                            333333
3333333 13111311                                                                                13111311 3333333333333333333333333333333333333333333333333333333
3333333 33333333                                                                                33333333 3333333333333333333333333333333333333333333333333333333
3333333  113 113                                                                                 113 113 3333333333333333333333333333333333333333333333333333333
3333333 11131113                                                                                11131113 3333333333333333333333333333333333333333333333333333333
3333333 33333333                                                                                33333333 3333333333333333333333333333333333333333333333333333333
3333333 13 113 1                                                                                13 113 1 3333333333333333333333333333333333333333333333333333333
3333333 13111311                                                                                13111311 3333333333333333333333333333333333333333333333333333333
3333333 33333333                                                                                33333333 3333333333333333333333333333333333333333333333333333333
3333333  113 113                                                                                 113 113 3333333333331111111111111111111111111111111111111133333
3333333 11131113                                                                                11131113 333333333331                                      13333
3333333 33333333                                                                                33333333 33333333331  122222222222222222222222222222222221  1333
3333333 13 113 1                                                                                13 113 1 33333333331 12333333333333333333333333333333333321 1333
3333333 13111311                                                                                13111311 33333333331 23                                  32 1333
3333333 33333333                                                                                33333333 33333333331 23                                  32 1333
3333333  113 113                                                                                 113 113 33333333331 23                                  32 1333
3333333 11131113                                                                                11131113 33333333331 23                                  32 1333
3333333 33333333                                                                                33333333 33333333331 23                                  32 1333
3333333 13 113 1                                                                                13 113 1 33333333331 23                                  32 1333
3333333 13111311                                                                                13111311 33333333331 23                                  32 1333
3333333 33333333                                                                                33333333 33333333331 23                                  32 1333
3333333  113 113                                                                                 113 113 33333333331 23                                  32 1333
3333333 11131113                                                                                11131113 33333333331 23 333333333333333333333333         32 1333
3333333 33333333                                                                                33333333 33333333331 23 322222233222222332222223         32 1333
3333333 13 113 1                                                                                13 113 1 33333333331 23 322222233222222332222223         32 1333
3333333 13111311                                                                                13111311 33333333331 23 322222233222222332222223         32 1333
3333333 33333333                                                                                33333333 33333333331 23 322222233222222332222223         32 1333
3333333  113 113                                                                                 113 113 33333333331 23 322222233222222332222223         32 1333
3333333 11131113                                                                                11131113 33333333331 23 322222233222222332222223         32 1333
3333333 33333333                                                                                33333333 33333333331 23 333333333333333333333333         32 1333
3333333 13 113 1                                                                                13 113 1 33333333331 23 33333333                         32 1333
3333333 13111311                                                                                13111311 33333333331 23 32222223                         32 1333
3333333 33333333                                                                                33333333 33333333331 23 32222223                         32 1333
3333333  113 113                                                                                 113 113 33333333331 23 32222223                         32 1333
3333333 11131113                                                                                11131113 33333333331 23 32222223                         32 1333
3333333 33333333                                                                                33333333 33333333331 23 32222223                         32 1333
3333333 13 113 1                                                                                13 113 1 33333333331 23 32222223                         32 1333
3333333 13111311                                                                                13111311 33333333331 23 33333333                         32 1333
3333333 33333333                                                                                33333333 33333333331 23                                  32 1333
3333333  113 113                                                                                 113 113 33333333331 23                                  32 1333
3333333 11131113                                                                                11131113 33333333331 23                                  32 1333
3333333 33333333                                                                                33333333 33333333331 23                                  32 1333
3333333 13 113 1                                                                                13 113 1 33333333331 23                                  32 1333
3333333 13111311                                                                                13111311 33333333331 23                                  32 1333
3333333 33333333                                                                                33333333 33333333331 23                                  32 1333
3333333  113 113                                                                                 113 113 33333333331 23                                  32 1333
3333333 11131113                                                                                11131113 33333333331 23                                  32 1333
3333333 33333333                                                                                33333333 33333333331 12333333333333333333333333333333333321 1333
3333333 13 113 1                                                                                13 113 1 33333333331  122222222222222222222222222222222221  1333
3333333 13111311                                                                                13111311 333333333331                                      13333
3333333 33333333                                                                                33333333 3333333333331111111111111111111111111111111111111133333
3333333  113 113                                                                                 113 113 3333333333333333333333333333333333333333333333333333333
3333333 11131113                                                                                11131113 3333333333333333333333333333333333333333333333333333333
3333333 33333333                                                                                33333333 3333333333333333333333333333333333333333333333333333333
